CACHE:                  False
CODON_SIZE:             100000
CROSSOVER:              subtree
CROSSOVER_PROBABILITY:  0.99
DEBUG:                  True
EXPERIMENT_NAME:        None
GENERATIONS:            10000
GENOME_INIT:            False
MAX_GENOME_LENGTH:      1000
GENOME_OPERATIONS:      False
GRAMMAR_FILE:           PCRE.bnf
INITIALISATION:         seed_only
INVALID_SELECTION:      False
LOOKUP_BAD_FITNESS:     False
LOOKUP_FITNESS:         False
MAX_INIT_TREE_DEPTH:    10
MAX_TREE_DEPTH:         1000
MAX_TREE_NODES:         None
MAX_WRAPS:              0
MULTICORE:              False
MUTATE_DUPLICATES:      False
MUTATION:               subtree
MUTATION_EVENTS:        1
MUTATION_PROBABILITY:   None
POPULATION_SIZE:        1000
ELITE_SIZE:  		500
FITNESS_FUNCTION:       RegexEval
RANDOM_SEED:            None
REPLACEMENT:            generational
SAVE_ALL:               True
SAVE_PLOTS:             True
SELECTION:              tournament
SILENT:                 False
TOURNAMENT_SIZE:        2
VERBOSE:                True
TAILS:                  False
SEED_GENOME:            [23224, 20929, 54144, 29698, 88985, 26035, 86396, 10099, 58345, 31121, 36065, 85855, 2477, 28908, 93744, 14040, 71645, 86487, 70324, 23808, 88796, 60005, 37236, 7567, 5675, 5260, 49855, 72632, 14276, 76808, 55528, 66177, 51896, 88835, 80981, 6879, 37400, 56703, 8741, 96848, 44429, 88962, 27251, 26208, 44096, 200, 68749, 8984, 67673, 95989, 31121, 36065, 85855, 72632, 14276, 76808, 90484, 42012, 80085, 81291, 75080, 96369, 15210, 38442, 61413, 56834, 44096, 200, 68749, 36846, 15833, 90907, 31121, 36065, 85855, 36498, 43801, 78232, 13617, 95568, 37206, 27001, 44427, 28365, 82956, 89370, 3546, 73882, 73124, 69257, 94475, 86396, 10099, 3205, 31121, 36065, 85855, 24474, 57112, 69191, 91124, 1485, 65429, 39485, 85539, 97905, 86898, 98440, 25359, 40580, 58178, 56838, 20833, 90342, 35925, 28460, 69257, 94475, 86396, 10099, 3205, 31121, 36065, 85855, 24474, 57112, 69191, 13580, 1485, 65429, 39485, 85539, 97905, 86898, 98440, 25359, 40580, 58178, 56838, 20833, 90342, 35925, 92472, 44096, 200, 68749, 16707, 54893, 43455, 60333, 37919, 8167, 22020, 88044, 7009, 63030, 60896, 97341, 86040, 10239, 22020, 88044, 7009, 95520, 84191, 31121, 36065, 85855, 68906, 20433, 99349, 62890, 47183, 4136, 64721, 59044, 42103, 98210, 69257, 94475, 40580, 58178, 3205, 40580, 58178, 24474, 15153, 40629, 60567, 46430, 37206, 27001, 44427, 28365, 82956, 89370, 3546, 73882, 65626, 69257, 94475, 86396, 10099, 3205, 31121, 36065, 85855, 24474, 57112, 69191, 97178, 1485, 65429, 39485, 85539, 97905, 86898, 98440, 25359, 40580, 58178, 56838, 20833, 90342, 35925, 93062, 44096, 200, 68749, 76320, 76349, 92139, 31121, 36065, 85855, 61242, 38244, 63267, 62307, 27968, 35009, 94066, 74125, 4461, 11468, 460, 37176, 94772]
SEMANTIC_LOCK:          False
